array([[[ 0.        ,  0.        ],
        [ 0.        ,  0.        ],
        [ 0.        ,  0.        ],
        [ 0.        ,  0.        ],
        [ 0.        ,  0.        ],
        [ 0.        ,  0.        ],
        [ 0.        ,  0.        ],
        [ 0.36520949, 34.98299789]],

       [[ 0.        ,  0.        ],
        [ 0.        ,  0.        ],
        [ 0.        ,  0.        ],
        [ 0.        ,  0.        ],
        [ 0.        ,  0.        ],
        [ 0.        ,  0.        ],
        [ 0.        ,  0.        ],
        [-0.06559649, 38.54685211]]])
array([[[ 0.        ,  0.        ],
        [ 0.        ,  0.        ],
        [ 0.        ,  0.        ],
        [ 0.        ,  0.        ],
        [ 0.        ,  0.        ],
        [ 0.        ,  0.        ],
        [ 0.        ,  0.        ],
        [ 0.36520949, 34.98299789]],

       [[ 0.        ,  0.        ],
        [ 0.        ,  0.        ],
        [ 0.        ,  0.        ],
        [ 0.        ,  0.        ],
        [ 0.        ,  0.        ],
        [ 0.        ,  0.        ],
        [ 0.        ,  0.        ],
        [-0.06559649, 38.54685211]]])